onion locations(x,y,z,roll,pitch,yaw):

bad_onion0: 0.845, 0.08202, 0.822032, 0.000082, -0.000192, 0.000046
bad_onion1: 0.7875, -0.0298, 0.822032, 0.000062, -0.000156, 0.000022
bad_onion2: 0.75, 0.15, 0.822032, 0.0, 0.0, 0.0
bad_onion3: 0.69, -0.00246, 0.822032, -0.00002, -0.000198, -0.000026
